1706825428660 0.037567810686305166 500
1706825430403 0.08916478886734694 1000
1706825432041 0.13160274259280413 1500
1706825433378 0.17969443685375153 2000
1706825434528 0.16442352561745793 2500
1706825435624 0.2150615202775225 3000
1706825436588 0.21727013136725873 3500
1706825437645 0.27485165929887445 4000
1706825438673 0.27844299813266843 4500
1706825439834 0.27873132213018836 5000
1706825440837 0.23805043931817635 5500
1706825442087 0.2905688007129356 6000
1706825443149 0.3101255976036191 6500
1706825444202 0.28408450008137154 7000
1706825445404 0.29688970888964833 7500
