1706825426588 20.0 19
1706825426720 21.0 40
1706825426764 10.0 50
1706825426987 33.0 83
1706825427091 45.0 128
1706825427164 16.0 144
1706825427241 28.0 172
1706825427295 8.0 180
1706825427408 34.0 214
1706825427486 23.0 237
1706825427542 10.0 247
1706825427616 23.0 270
1706825427676 13.0 283
1706825427738 12.0 295
1706825427793 11.0 306
1706825427951 38.0 344
1706825428014 12.0 356
1706825428081 18.0 374
1706825428150 15.0 389
1706825428216 14.0 403
1706825428283 19.0 422
1706825428339 11.0 433
1706825428393 10.0 443
1706825428448 10.0 453
1706825428528 17.0 470
1706825428601 23.0 493
1706825428670 15.0 508
1706825428780 24.0 532
1706825428853 21.0 553
1706825428915 15.0 568
1706825428971 12.0 580
1706825429047 26.0 606
1706825429125 23.0 629
1706825429215 31.0 660
1706825429280 14.0 674
1706825429347 19.0 693
1706825429431 29.0 722
1706825429497 15.0 737
1706825429561 15.0 752
1706825429649 37.0 789
1706825429719 18.0 807
1706825429793 24.0 831
1706825429859 20.0 851
1706825429916 11.0 862
1706825430057 44.0 906
1706825430122 16.0 922
1706825430194 23.0 945
1706825430283 32.0 977
1706825430343 13.0 990
1706825430417 21.0 1011
1706825430518 27.0 1038
1706825430597 27.0 1065
1706825430670 23.0 1088
1706825430739 18.0 1106
1706825430836 29.0 1135
1706825430912 19.0 1154
1706825431001 31.0 1185
1706825431202 24.0 1209
1706825431313 49.0 1258
1706825431384 20.0 1278
1706825431451 17.0 1295
1706825431545 35.0 1330
1706825431761 73.0 1403
1706825431853 33.0 1436
1706825432044 66.0 1502
1706825432136 35.0 1537
1706825432235 23.0 1560
1706825432340 21.0 1581
1706825432511 76.0 1657
1706825432632 54.0 1711
1706825432778 71.0 1782
1706825433147 127.0 1909
1706825433211 11.0 1920
1706825433621 200.0 2120
1706825434043 183.0 2303
1706825434468 196.0 2499
1706825434865 200.0 2699
1706825435193 153.0 2852
1706825435557 141.0 2993
1706825435831 134.0 3127
1706825436102 132.0 3259
1706825436348 124.0 3383
1706825436617 134.0 3517
1706825436883 130.0 3647
1706825437133 129.0 3776
1706825437414 133.0 3909
1706825437733 137.0 4046
1706825438015 139.0 4185
1706825438319 162.0 4347
1706825438689 162.0 4509
1706825439116 200.0 4709
1706825439597 200.0 4909
1706825440033 200.0 5109
1706825440395 197.0 5306
1706825440846 200.0 5506
1706825441467 200.0 5706
1706825441866 186.0 5892
1706825442224 190.0 6082
1706825442645 177.0 6259
1706825442985 178.0 6437
1706825443354 175.0 6612
1706825443677 165.0 6777
1706825444043 166.0 6943
1706825444406 157.0 7100
1706825444766 156.0 7256
1706825445129 150.0 7406
1706825445504 149.0 7555
