1706825407671 15.0 14
1706825407809 16.0 30
1706825407852 22.0 52
1706825408088 19.0 71
1706825408163 23.0 94
1706825408238 17.0 111
1706825408422 50.0 161
1706825408496 13.0 174
1706825408559 15.0 189
1706825408631 22.0 211
1706825408705 18.0 229
1706825408774 13.0 242
1706825408851 26.0 268
1706825408924 21.0 289
1706825409071 23.0 312
1706825409133 14.0 326
1706825409227 22.0 348
1706825409313 17.0 365
1706825409381 18.0 383
1706825409472 33.0 416
1706825409546 18.0 434
1706825409609 12.0 446
1706825409683 13.0 459
1706825409758 24.0 483
1706825409817 12.0 495
1706825409935 43.0 538
1706825410017 27.0 565
1706825410100 24.0 589
1706825410179 18.0 607
1706825410250 21.0 628
1706825410347 41.0 669
1706825410422 22.0 691
1706825410486 13.0 704
1706825410594 47.0 751
1706825410660 16.0 767
1706825410792 48.0 815
1706825410866 18.0 833
1706825410941 22.0 855
1706825411127 90.0 945
1706825411408 120.0 1065
1706825411794 200.0 1265
1706825412065 138.0 1403
1706825412311 107.0 1510
1706825412414 17.0 1527
1706825412692 152.0 1679
1706825412917 107.0 1786
1706825413072 80.0 1866
1706825413421 187.0 2053
1706825413719 156.0 2209
1706825414180 161.0 2370
1706825414463 116.0 2486
1706825414902 200.0 2686
1706825415259 196.0 2882
1706825415724 200.0 3082
1706825416090 200.0 3282
1706825416513 200.0 3482
1706825416897 200.0 3682
1706825417296 200.0 3882
1706825417688 200.0 4082
1706825418069 200.0 4282
1706825418494 200.0 4482
1706825418932 200.0 4682
1706825419324 192.0 4874
1706825419746 200.0 5074
1706825420145 184.0 5258
1706825420518 174.0 5432
1706825420879 169.0 5601
1706825421247 183.0 5784
