1706825339013 14.0 13
1706825339134 15.0 28
1706825339178 14.0 42
1706825339237 11.0 53
1706825339471 41.0 94
1706825339535 17.0 111
1706825339599 13.0 124
1706825339682 26.0 150
1706825339769 29.0 179
1706825339834 15.0 194
1706825339903 15.0 209
1706825339972 13.0 222
1706825340107 57.0 279
1706825340203 31.0 310
1706825340332 23.0 333
1706825340475 9.0 342
1706825340531 12.0 354
1706825340615 24.0 378
1706825340697 29.0 407
1706825340762 16.0 423
1706825340826 15.0 438
1706825340943 54.0 492
